001 50353  51.8 126.6   51.43  126.39    HUMA
002 50632  48.8 122.0   48.46  121.55    BUGT
003 50527  49.3 119.8   49.13  119.45    HAILAR
004 50727  47.2 120.0   47.10  119.57    TULIHE
005 50557  49.2 125.2   49.10  125.14    NENJIANG
006 50745  47.4 124.0   47.23  123.55    QIQIHAR
007 50756  47.5 127.0   47.26  126.58    HAILUN
008 50788  47.3 132.0   47.14  131.59    FUJIN
009 50873  46.9 130.4   46.49  130.17    JIAMUSI
010 50978  45.3 131.0   45.17  130.57    JIXI
011 50953  45.8 126.8   45.45  126.46    HARBIN
012 54094  44.6 129.6   44.34  129.36    MUDANJIANG
013 50838  46.3 122.1   46.05  122.03    WULANHAOTE
014 54103  43.6 122.3   43.44  122.32    TONGLIAO
015 54161  43.9 125.3   43.54  125.13    CHANGCHUN
016 54292  42.9 129.5   42.53  129.28    YANJI 
017 54363  41.7 125.9   41.41  125.54    TONGHUA
018 54342  41.8 123.5   41.44  123.27    SHENYANG
019 54324  41.6 120.5   41.33  120.27    CHAOYANG
020 54471  40.7 122.2   40.40  122.16    YINGKOU
021 54497  40.0 124.4   40.03  124.20    DANDONG
022 54662  38.9 121.6   38.54  121.38    DALIAN
023 54027  44.0 119.4   43.59  119.24    BALINZUOQI
024 54102  43.6 116.1   43.57  116.04    XILINHAOTE
025 53276  44.0 115.0   42.24  112.54    ZHURIHE
026 54208  42.1 116.5   42.11  116.28    DUOLUN
027 54218  42.3 119.0   42.16  118.58    CHIFENG
028 54423  41.0 118.0   40.58  117.56    CHENGDE
029 54401  40.9 115.2   40.47  114.53    ZHANGJIAKOU
030 53463  40.8 111.9   40.49  111.41    WUHEHAOTE
031 53446  40.5 110.1   40.40  109.51    BAOTOU
032 53420  41.3 106.9   40.54  107.08    SHANBA
033 54511  39.0 116.3   39.36  116.17    BEIJING
034 54527  39.1 117.2   39.06  117.10    TIANJIN
035 53698  38.1 114.5   38.02  114.25    SHIJIAZHUANG
036 54714  37.5 116.4   37.26  116.19    DEZHOU
037 53798  37.0 114.5   37.04  114.30    XINGTAI
038 53898  36.1 114.4   36.07  114.22    ANYANG
039 54765  37.5 121.4   37.32  121.24    YANTAI
040 54857  36.2 120.4   36.01  120.20    QINGDAO
041 54843  36.7 119.1   36.45  119.11    WEIFANG
042 54823  36.7 117.0   36.41  110.59    JINAN
043 54938  35.1 118.4   35.03  118.21    LINYI
044 54906  35.3 115.4   35.15  115.26    HEZE
045 58044  34.6 119.1   34.35  119.10    LIANYUNGANG
046 58144  33.6 119.0   33.36  119.02    HUAIYIN/QINGJIANG
047 58028  34.3 117.6   34.17  117.09    XUZHOU
048 58221  33.0 117.4   32.57  117.23    BENGBU
049 58203  33.0 115.9   32.56  115.49    FUYANG
050 57083  34.8 113.6   34.43  113.39    ZHENGZHOU
051 57178  33.0 112.5   33.02  112.35    NAMYANG
052 57297  32.1 114.1   32.08  114.03    XINYANG
053 58251  32.9 120.2   32.52  120.19    DONGTAI
054 58238  32.0 118.5   32.00  118.48    NANJING
055 58321  31.9 117.2   31.52  117.14    HEFEI
056 58361  31.0 121.4   31.07  121.23    SHANGHAIXIAN
057 58457  30.2 120.1   30.14  120.10    HANGZHOU
058 58424  30.5 117.0   30.32  117.03    ANQING
059 58531  29.7 118.3   29.43  118.17    TUNXI
060 58502  29.7 116.0   29.44  116.00    JIUJIANG
061 57494  30.6 114.1   30.37  114.08    WUHAN
062 57378  31.2 112.5   31.10  112.34    ZHONGXIANG
063 57584  29.4 113.1   29.23  113.05    YUEYANG
064 57461  30.4 111.3   30.42  111.18    YIYANG
065 57662  29.0 111.6   29.03  111.41    CHANGDE
066 58562  30.0 121.6   29.52  121.34    NINGBO
067 58633  29.0 119.0   28.58  118.52    QUZHOU
068 58659  28.0 120.6   28.00  120.40    WENZHOU
069 58731  28.0 118.6   27.55  118.32    PUCHENG
070 58847  26.1 119.3   26.05  119.17    FUZHOU
071 58921  26.0 117.3   25.58  117.21    YONGAN
072 58626  28.3 117.2   28.18  117.13    GUIXI
073 58606  28.7 116.0   28.36  115.55    NANCHANG
074 58813  26.8 116.2   26.51  116.20    GUANGCHANG
075 57799  27.1 115.0   27.07  114.58    JIAN
076 57993  25.9 115.0   25.51  114.57    GANZHOU
077 57679  28.2 113.1   28.12  113.05    CHANGSHA
078 57872  27.0 112.5   26.54  112.36    HENGYANG
079 57972  25.8 113.0   25.48  113.02    CHENGZHOU
080 57865  26.2 111.5   26.14  111.37    LINGLING
081 57745  27.4 109.7   27.27  109.41    ZHIJIANG
082 59134  24.6 118.1   24.29  118.04    XIAMEN
083 59117  24.3 116.1   24.16  116.06    MEIXIAN
084 59316  23.4 116.8   23.24  116.41    SHANTOU
085 59082  24.8 113.6   24.48  113.35    SHAOGUAN
086 59293  23.8 114.8   23.44  114.41    HEYUAN
087 59288  23.1 113.3   23.08  113.19    GUANGZHOU
088 59663  21.9 112.0   21.52  111.58    YANGJIANG
089 59658  21.1 110.5   21.13  110.24    ZHANJIANG
090 59758  20.0 110.4   20.02  110.21    HAIKOU
091 57957  25.4 110.3   25.19  110.18    GUILIN
092 59044  24.5 109.4   24.28  109.24    LIUZHOU
093 59266  23.5 111.3   23.29  111.18    WUZHOU
094 59431  22.9 108.3   22.49  108.21    NANNING
095 59644  23.5 107.1   21.29  109.07    BEIHAI
096 59211  24.0 106.5   23.54  106.36    BAISE
097 57713  27.7 107.0   27.42  106.53    ZUNYI
098 57816  26.5 106.7   26.35  106.43    GUIYANG
099 57707  27.3 105.3   27.18  105.17    BIJIE
100 57902  25.5 105.3   25.26  105.11    XINGREN
101 57932  25.9 108.6   25.58  108.32    RONGJIANG
102 57447  30.2 109.5   30.17  109.28    ENSHI
103 57328  31.3 107.5   31.12  107.30    DAXIAN
104 57633  29.0 109.0   28.50  108.46    YOUYANG
105 57516  29.6 106.5   29.35  106.28    CHONGQING
106 57411  30.8 106.1   30.47  106.06    NANCHONG
107 57504  29.7 105.0   29.35  105.03    NEIJIANG
108 56196  31.5 104.8   31.28  104.41    MIANYANG
109 56294  30.7 104.1   30.40  104.01    CHENGDU
110 56492  28.9 104.5   28.48  104.36    YIBIN
111 56287  30.0 103.1   29.59  103.00    YAAN
112 56374  30.1 102.1   30.03  101.58    KANGDING
113 56571  27.9 102.3   27.54  102.16    XICHANG
114 56671  26.7 102.3   26.39  102.15    HUILI
115 56651  27.0 100.3   26.52  100.13    LIJIANG
116 56751  25.8 100.2   25.42  100.11    DALI
117 56748  25.3  99.3   25.07   99.10    BAOSHAN
118 56778  25.0 102.7   25.01  102.41    KUNMING
119 56951  23.9 100.3   23.57  100.13    LINCANG
120 56985  23.3 103.4   23.23  103.23    MENGZI
121 56959  21.9 100.9   22.00  100.48    JINGHONG
122 56146  31.7 100.0   31.37  100.00    GANZI
123 56441  28.9  99.4   28.43   99.17    DERONG
124 56137  31.2  97.0   31.09   97.10    CHANGDU
125 55591  29.7  91.1   29.40   91.08    LASA
126 57036  34.3 109.0   34.18  108.56    XIAN
127 57006  34.5 105.8   34.35  105.45    TIANSHUI
128 56093  34.4 104.2   34.26  104.01    MIANXIAN
129 57127  33.0 107.3   33.04  107.02    HANZHONG
130 57245  32.5 109.4   32.43  109.02    ANKANG
131 57251  32.9 110.8   32.51  110.49    YUNXIAN
132 53882  36.2 113.1   36.03  113.04    CHANGZHI
133 53772  37.9 112.5   37.47  112.33    TAIYUAN
134 53868  36.1 111.5   36.04  111.30    LINFEN
135 53646  38.3 109.5   38.14  109.42    YULIN
136 53845  36.8 109.5   36.36  109.30    YANAN
137 53923  35.8 107.8   35.44  107.38    XIFENGZHEN
138 52889  36.1 103.9   36.03  103.53    LANZHOU
139 53905  37.1 105.5                    ZHONGNING
140 53614  38.5 106.3   38.29  106.13    YINCHUAN
141 52866  36.5 102.0   36.37  101.46    XINING
142 52984  35.5 103.2   35.35  103.11    LINXIA
143 56033  35.0  98.1   34.55   98.13    MADUO
144 56029  33.1  96.8   33.01   97.01    YUSHU
145 52679  38.1 103.0   37.55  102.40    WEIWU
146 52652  39.0 100.6   38.56  100.26    ZHANGYE
147 52533  39.8  98.5   39.46   98.29    JIUQUAN
148 52418  40.1  94.8   40.09   94.41    DUNHUANG
149 51573  43.0  89.2   42.56   89.12    TULUFAN
150 51644  41.8  82.9   41.43   82.57    KUCHE
151 51709  39.5  75.8   39.28   75.59    KESHEN
152 51828  37.1  80.0   37.08   79.56    HETIAN
153 51855  38.1  85.5   39.09   85.33    QIEMO
154 51777  39.1  88.1   39.02   88.10    RUQIANG
155 52203  42.9  93.5   42.49   93.31    HAMI
156 51076  47.9  88.1   47.44   88.05    ALETAI
157 51133  46.8  83.0   46.44   83.00    TACHENG
158 51346  44.4  84.5   44.26   84.40    WUSU
159 51431  44.0  81.3   43.57   81.20    YINING
160 51463  43.9  87.5   43.47   87.34    WULUMUQI
